475920
475921
475922
475923
475924
475925
475926
475927
475928
475929
475930
475931
475932
475933
475934
475935
475936
475937
475938
475939
475940
475941
475942
475943
475944
475945
475946
475947
475948
475949
475950
475951
475952
475953
475954
475955
475956
475957
475958
475959
475960
475961
475962
475963
475964
475965
475966
475967
475968
475969
475970
475971
475972
475973
475974
475975
475976
475977
475978
475979
475980
475981
475982
475983
475984
475985
475986
475987
475988
475989
475990
475991
475992
475993
475994
475995
475996
475997
475998
475999
476000
476001
476336
476337
476338
476339
476340
476341
476342
476343
476344
476345
476346
476347
476348
476349
476350
476351
476352
476353
476942
476943
476944
476945
476946
476947
476948
476949
476950
476951
476952
476953
476954
476955
476956
476957
476958
476959
476960
476961
476962
476963
476964
476965
476966
476967
476968
476969
476970
476971
476972
476973
476974
476975
476976
476977
476978
476979
476980
476981
476982
476983
476984
476985
476986
476987
476988
476989
476990
476991
476992
476993
476994
476995
476996
476997
476998
476999
477000
477001
477002
477003
477004
477005
477006
477007
477008
477009
477010
477011
477012
477013
477014
477015
477016
477017
477018
477019
477020
477021
477022
477023
477024
477025
477026
477027
477028
477029
477030
477031
477032
477033
477034
477035
477036
477037
477038
477039
477040
477041
479024
479025
479026
479027
479028
479029
479030
479031
479032
479033
479034
479035
479036
479037
482835
482836
482837
482838
482839
482840
482841
482842
482843
482844
482845
482846
482847
482848
482849
482856
482857
482858
482859
482860
482861
482862
482863
482864
482865
482866
482867
482868
482869
482870
482871
482872
482873
482874
482875
482876
482877
482878
482879
482880
482881
482882
482883
482884
482885
482886
482887
482888
482889
482890
482891
482892
482893
482894
482895
482896
482897
482898
482899
482900
482901
482902
482903
482904
482905
482906
482907
482908
482909
482910
482911
482912
482913
482914
482915
482916
482917
482918
482919
482920
482921
482922
482923
482924
506420
506421
506422
506423
506424
506425
506426
506427
506428
506429
506430
506431
506432
506433
506434
506435
506436
506437
506438
506439
506440
507393
507394
507395
507396
507397
507398
507399
507400
507401
507402
507403
507404
507405
507406
507407
507408
507409
507410
507411
507412
507413
507414
507415
507416
507417
507418
507419
507420
507421
507422
507423
507424
507425
507426
507427
507428
509056
509057
509058
509059
509060
509061
509062
509063
509064
509065
509066
509067
509068
509069
509070
509071
509072
509073
509074
509075
509076
509077
509078
509079
509080
509081
509082
509083
509084
509371
509372
509373
509374
509375
509376
509377
509378
512532
512533
512534
512542
512543
512544
512545
512546
512547
512548
512549
512550
512551
512552
512553
512554
512555
512945
512946
512947
512948
512949
512950
512951
512952
512953
512954
512955
512956
512957
512958
512959
512960
512961
512962
512963
